RTCM-Ref 0049,545274.872,6300016.713,82.185,,
1n1,539821.359,6307678.512,24.411,,
1n2,539820.874,6307679.006,24.172,,
1n3,539820.287,6307679.067,23.929,,
1n4,539819.939,6307679.204,23.260,,
1n5,539819.420,6307679.442,23.158,,
1n6,539819.013,6307679.619,23.133,,
1n7,539818.510,6307679.881,23.124,,
1n8,539818.088,6307680.100,23.048,,
1n9,539817.597,6307680.310,23.033,,
1n10,539817.202,6307680.499,23.035,,
1n11,539816.879,6307680.654,23.038,,
1n12,539816.739,6307680.682,23.659,,
1n13,539816.386,6307680.979,23.827,,
1n14,539815.781,6307681.349,23.959,,
1n15,539815.202,6307681.349,24.151,,
1n16,539814.638,6307681.350,24.324,,
1n17,539813.724,6307681.480,24.510,,
vsp1,539818.361,6307679.339,23.415,,
2n1,539818.150,6307670.619,23.866,,
2n2,539817.697,6307670.870,23.793,,
2n3,539817.285,6307671.043,23.590,,
2n4,539817.008,6307671.267,22.928,,
2n5,539816.580,6307671.565,22.797,,
2n6,539816.128,6307671.911,22.714,,
2n7,539815.768,6307672.252,22.673,,
2n8,539815.386,6307672.516,22.631,,
2n9,539815.007,6307672.762,22.698,,
2n10,539814.826,6307673.066,22.870,,
2n11,539814.577,6307673.316,23.091,,
2n12,539814.419,6307673.414,23.248,,
2n13,539814.189,6307673.434,23.498,,
2n14,539813.840,6307673.625,23.549,,
2n15,539813.158,6307674.114,23.814,,
2n16,539812.346,6307674.710,24.088,,
3n1,539781.243,6307653.206,23.910,,
3n2,539781.189,6307653.744,23.749,,
3n3,539781.125,6307654.068,22.935,,
3n4,539781.123,6307654.241,22.719,,
3n5,539781.017,6307654.742,22.613,,
3n6,539780.876,6307655.163,22.686,,
3n7,539780.699,6307655.631,22.698,,
3n8,539780.598,6307655.912,22.719,,
3n9,539780.497,6307656.064,22.918,,
3n10,539780.387,6307656.324,23.188,,
3n11,539780.335,6307656.584,23.304,,
3n12,539780.402,6307657.179,23.716,,
3n13,539780.196,6307657.881,23.724,,
3n14,539780.503,6307660.355,24.009,,
4n1,539752.692,6307682.713,24.199,,
4n2,539752.500,6307681.638,23.999,,
4n3,539752.186,6307680.007,23.687,,
4n4,539752.165,6307679.521,23.128,,
4n5,539751.989,6307679.039,22.934,,
4n6,539751.844,6307678.448,22.852,,
4n7,539751.786,6307677.759,22.750,,
4n8,539751.824,6307677.302,22.803,,
4n9,539751.652,6307676.603,22.849,,
4n10,539751.586,6307676.054,23.042,,
4n11,539751.541,6307675.442,23.296,,
vsp4,539751.543,6307675.197,23.521,,
4n20,539751.661,6307674.328,23.737,,
4n21,539750.928,6307671.086,23.849,,
5n1,539754.534,6307660.543,24.179,,
5n2,539754.028,6307660.265,23.879,,
5n3,539753.597,6307659.996,23.253,,
5n4,539753.220,6307659.746,22.896,,
5n5,539752.861,6307659.367,22.810,,
5n6,539752.495,6307658.998,22.858,,
5n7,539752.137,6307658.568,22.879,,
5n8,539751.674,6307658.163,22.959,,
5n9,539751.271,6307657.869,23.012,,
5n10,539750.965,6307657.581,23.294,,
5n11,539750.546,6307657.215,23.344,,
5n12,539750.212,6307656.959,23.350,,
5n13,539749.955,6307656.788,23.720,,
5n14,539749.139,6307655.885,23.817,,
5n15,539746.916,6307653.701,24.091,,
6n1,539746.739,6307631.858,24.025,,
6n2,539747.716,6307631.893,23.849,,
6n3,539748.272,6307631.791,22.802,,
6n4,539748.753,6307631.771,22.810,,
6n5,539749.184,6307631.725,22.830,,
6n6,539749.655,6307631.670,22.943,,
6n7,539750.324,6307631.677,22.909,,
6n8,539750.889,6307631.593,22.992,,
6n9,539751.545,6307631.335,23.247,,
6n10,539751.764,6307631.279,23.717,,
6n11,539754.251,6307630.736,23.893,,
7n1,539776.262,6307622.376,24.275,,
7n2,539775.476,6307621.811,24.159,,
7n3,539775.191,6307621.546,23.882,,
7n4,539774.870,6307621.411,23.347,,
7n5,539774.310,6307621.167,23.187,,
7n6,539773.721,6307620.832,22.973,,
7n7,539773.093,6307620.515,22.857,,
7n8,539772.520,6307620.332,22.810,,
7n9,539771.827,6307620.111,22.802,,
7n10,539771.114,6307619.761,22.836,,
7n11,539770.542,6307619.451,22.886,,
7n12,539770.116,6307619.185,22.979,,
7n13,539769.818,6307618.840,23.158,,
7n14,539769.519,6307618.515,23.810,,
7n15,539768.385,6307617.383,23.902,,
8n1,539758.781,6307582.487,24.453,,
8n2,539755.965,6307585.261,23.670,,
8n3,539755.353,6307585.486,23.329,,
8n4,539754.987,6307585.868,23.037,,
8n5,539754.591,6307586.109,23.030,,
8n6,539754.052,6307586.425,23.173,,
8n7,539753.475,6307586.853,23.114,,
8n8,539753.149,6307587.126,23.345,,
8n9,539752.838,6307587.235,23.158,,
8n10,539752.409,6307587.612,23.135,,
8n11,539751.920,6307588.036,23.273,,
8n12,539751.505,6307588.174,23.656,,
8n13,539751.329,6307588.254,23.993,,
8n14,539750.155,6307589.034,24.352,,
9n1,539735.145,6307557.372,24.298,,
9n2,539734.138,6307558.050,24.131,,
9n3,539733.768,6307558.246,23.604,,
9n4,539733.425,6307558.433,23.319,,
9n5,539733.010,6307558.744,23.237,,
9n6,539732.496,6307558.924,23.143,,
9n7,539731.980,6307559.102,23.077,,
9n8,539731.547,6307559.227,23.054,,
9n9,539731.386,6307559.342,23.069,,
9n10,539730.783,6307559.601,23.652,,
9n11,539726.559,6307561.191,24.193,,
10n1,539707.012,6307545.934,24.431,,
10n2,539705.467,6307545.805,24.047,,
10n3,539704.835,6307545.762,23.501,,
10n4,539704.383,6307545.829,23.476,,
10n5,539703.808,6307545.709,23.360,,
10n6,539703.355,6307545.509,23.374,,
10n7,539702.832,6307545.515,23.453,,
10n8,539702.346,6307545.481,23.346,,
10n9,539701.975,6307545.452,23.331,,
10n10,539701.711,6307545.313,23.457,,
10n11,539701.297,6307545.109,23.605,,
10n12,539700.645,6307545.124,23.554,,
10n13,539700.161,6307545.010,23.541,,
10n14,539699.975,6307544.763,23.876,,
10n15,539699.049,6307544.546,24.263,,
11n1,539760.158,6307515.525,24.379,,
11n2,539758.092,6307515.871,24.238,,
11n3,539757.842,6307515.843,23.832,,
11n4,539757.753,6307515.889,23.598,,
11n5,539757.104,6307516.050,23.364,,
11n6,539756.564,6307516.066,23.310,,
11n7,539755.868,6307515.985,23.251,,
11n8,539755.414,6307516.038,23.220,,
11n9,539754.807,6307515.849,23.271,,
11n10,539754.427,6307515.698,23.369,,
11n11,539753.783,6307515.583,23.603,,
11n12,539753.066,6307515.807,23.615,,
11n13,539752.556,6307515.932,23.601,,
11n14,539752.354,6307515.860,23.838,,
11n15,539751.560,6307516.003,24.131,,
11n16,539749.934,6307516.226,24.303,,
12n1,539783.710,6307526.053,24.575,,
12n2,539784.936,6307526.441,24.507,,
12n3,539785.548,6307526.308,23.945,,
12n4,539786.050,6307526.408,23.650,,
12n5,539786.753,6307526.448,23.579,,
12n6,539787.527,6307526.387,23.660,,
12n7,539788.491,6307526.486,23.820,,
12n8,539789.021,6307526.521,23.870,,
12n9,539789.436,6307526.561,23.563,,
12n10,539789.815,6307526.611,23.564,,
12n11,539790.108,6307526.586,23.573,,
12n12,539790.278,6307526.965,24.042,,
12n13,539792.579,6307526.005,24.451,,
13n1,539814.060,6307506.054,24.842,,
13n2,539814.666,6307507.395,24.574,,
13n3,539814.888,6307507.887,24.318,,
13n4,539815.076,6307508.254,23.987,,
13n5,539815.351,6307508.703,23.875,,
13n6,539815.457,6307509.163,23.707,,
13n7,539815.716,6307509.352,23.923,,
13n8,539815.905,6307509.735,23.782,,
13n9,539815.955,6307510.045,23.635,,
13n10,539816.164,6307510.747,23.673,,
13n11,539816.521,6307511.491,23.601,,
13n12,539816.867,6307512.193,23.666,,
13n13,539817.010,6307512.623,23.814,,
13n14,539817.021,6307513.048,24.219,,
13n15,539819.879,6307515.290,24.512,,
14n1,539831.994,6307484.773,24.888,,
14n2,539830.648,6307485.246,24.434,,
14n3,539829.797,6307485.577,24.183,,
14n4,539828.856,6307486.034,24.175,,
14n5,539828.298,6307485.984,23.606,,
14n6,539827.606,6307486.311,23.565,,
14n7,539826.982,6307486.651,23.482,,
14n8,539826.237,6307486.886,23.509,,
14n9,539825.751,6307487.049,23.762,,
14n10,539825.074,6307487.069,23.796,,
14n11,539824.494,6307487.086,24.083,,
14n12,539824.160,6307487.163,24.271,,
14n13,539822.921,6307487.890,24.689,,
15n1,539813.200,6307445.015,24.403,,
15n2,539811.683,6307446.002,24.374,,
15n3,539811.480,6307446.249,24.159,,
15n4,539811.262,6307446.310,23.729,,
15n5,539810.704,6307446.688,23.642,,
15n6,539810.066,6307446.944,23.716,,
15n7,539809.435,6307447.386,23.606,,
15n8,539808.534,6307447.948,23.680,,
15n9,539807.903,6307448.437,23.542,,
15n10,539807.413,6307448.732,23.743,,
15n11,539807.108,6307448.917,24.167,,
15n12,539806.018,6307449.366,24.518,,
15n13,539804.518,6307449.962,24.797,,
16n1,539853.106,6307422.012,24.476,,
16n2,539852.029,6307420.383,24.368,,
16n3,539851.868,6307420.152,24.178,,
16n4,539851.680,6307420.043,24.018,,
16n5,539850.535,6307419.457,23.918,,
16n6,539849.982,6307418.957,23.902,,
16n7,539849.390,6307418.408,23.692,,
16n8,539848.779,6307418.027,23.477,,
16n9,539848.164,6307417.349,23.416,,
16n10,539847.512,6307416.683,23.730,,
16n11,539847.215,6307416.247,24.221,,
16n12,539844.982,6307413.840,24.910,,
17n1,539881.982,6307405.385,24.872,,
17n2,539881.830,6307406.710,24.617,,
17n3,539881.656,6307407.413,24.471,,
17n4,539881.766,6307407.642,24.247,,
17n5,539881.678,6307408.469,23.749,,
17n6,539881.536,6307409.014,23.674,,
17n7,539881.343,6307409.517,23.675,,
17n8,539881.181,6307410.145,23.657,,
17n9,539880.984,6307411.060,23.664,,
17n10,539880.797,6307411.860,23.711,,
17n11,539880.702,6307412.372,23.826,,
17n12,539880.348,6307412.857,24.242,,
17n13,539879.915,6307414.122,24.546,,
18n1,539925.433,6307416.524,24.616,,
18n2,539926.581,6307415.688,24.322,,
18n3,539926.586,6307415.694,24.324,,
18n4,539927.157,6307415.344,24.201,,
18n5,539927.696,6307415.027,23.665,,
18n6,539928.001,6307414.803,23.614,,
18n7,539928.663,6307414.371,23.654,,
18n8,539929.264,6307413.991,23.715,,
18n9,539929.902,6307413.644,23.865,,
18n10,539930.314,6307413.384,24.017,,
18n11,539930.780,6307413.260,23.989,,
18n12,539931.056,6307412.979,24.216,,
18n13,539933.954,6307411.715,24.900,,
19n1,539974.006,6307396.197,24.883,,
19n2,539974.510,6307398.534,24.560,,
19n3,539974.549,6307398.902,24.374,,
19n4,539974.573,6307398.939,24.183,,
19n5,539974.752,6307399.164,23.915,,
19n6,539974.806,6307399.737,23.825,,
19n7,539974.875,6307400.066,23.723,,
19n8,539975.111,6307400.477,23.759,,
19n9,539975.289,6307400.851,23.806,,
19n10,539975.384,6307401.370,23.768,,
19n11,539975.524,6307401.843,23.808,,
19n12,539975.690,6307402.400,23.927,,
19n13,539975.789,6307402.855,23.900,,
19n14,539975.904,6307403.282,24.446,,
19n15,539977.944,6307408.689,24.710,,
20n1,540026.233,6307400.094,24.588,,
20n2,540027.106,6307398.392,24.472,,
20n3,540027.346,6307397.877,24.343,,
20n4,540027.560,6307397.807,23.873,,
20n5,540027.945,6307397.517,23.813,,
20n6,540028.355,6307396.946,23.732,,
20n7,540028.768,6307396.448,23.644,,
20n8,540029.020,6307396.106,23.736,,
20n9,540029.306,6307395.902,23.822,,
20n10,540029.612,6307395.588,23.852,,
20n11,540029.877,6307395.185,23.941,,
20n12,540030.078,6307394.479,24.088,,
20n13,540030.243,6307394.017,24.248,,
21n1,540072.499,6307419.121,24.847,,
21n2,540072.134,6307420.242,24.753,,
21n3,540071.804,6307420.973,24.490,,
21n4,540071.644,6307421.290,23.996,,
21n5,540071.230,6307421.823,23.744,,
21n6,540071.134,6307422.247,23.726,,
21n7,540070.978,6307422.928,23.721,,
21n8,540070.789,6307423.615,23.729,,
21n9,540070.623,6307424.095,23.771,,
21n10,540070.400,6307424.400,24.041,,
21n11,540070.430,6307424.908,24.444,,
21n12,540070.146,6307426.264,24.576,,
21n13,540070.095,6307428.154,24.671,,
22n1,540123.193,6307416.052,24.698,,
22n2,540122.966,6307414.793,24.593,,
22n3,540122.922,6307413.780,23.872,,
22n4,540122.752,6307413.464,23.891,,
22n5,540122.541,6307412.926,23.734,,
22n6,540122.387,6307412.482,23.791,,
22n7,540122.315,6307412.056,23.764,,
22n8,540122.244,6307411.697,23.781,,
22n9,540122.108,6307411.293,23.815,,
22n10,540122.121,6307410.845,23.868,,
22n11,540121.922,6307410.326,23.861,,
22n12,540121.895,6307410.111,23.931,,
22n13,540121.795,6307409.934,24.598,,
22n14,540121.089,6307408.745,24.895,,
23n1,540145.110,6307394.057,24.834,,
23n2,540146.440,6307393.522,24.677,,
23n3,540146.634,6307393.479,24.364,,
23n4,540147.017,6307393.354,24.005,,
23n5,540147.602,6307393.336,23.833,,
23n6,540147.975,6307393.208,23.770,,
23n7,540148.577,6307393.109,23.798,,
23n8,540149.187,6307392.784,23.818,,
23n9,540149.221,6307392.681,23.809,,
23n10,540149.848,6307392.533,23.983,,
23n11,540150.298,6307392.366,24.043,,
23n12,540150.692,6307392.290,24.313,,
23n13,540151.459,6307392.011,24.684,,
23n14,540152.888,6307391.287,24.829,,
24n1,540220.797,6307405.981,24.792,,
24n2,540221.133,6307403.984,24.767,,
24n3,540221.222,6307403.835,24.252,,
24n4,540221.163,6307403.525,24.080,,
24n5,540221.099,6307402.968,24.071,,
24n6,540221.040,6307402.481,24.073,,
24n7,540221.073,6307401.964,23.977,,
24n8,540221.115,6307401.542,24.090,,
24n9,540221.196,6307400.986,24.039,,
24n10,540221.253,6307400.527,24.011,,
24n11,540221.273,6307400.373,24.566,,
24n12,540221.921,6307397.755,24.855,,
24n13,540222.878,6307396.455,25.091,,
25n1,540251.506,6307380.728,25.020,,
25n2,540253.439,6307380.749,24.793,,
25n3,540253.800,6307380.823,24.086,,
25n4,540254.181,6307380.877,23.968,,
25n5,540254.821,6307380.890,23.929,,
25n6,540255.411,6307381.017,24.009,,
25n7,540255.881,6307381.049,24.025,,
25n8,540256.454,6307381.067,24.134,,
25n9,540256.852,6307381.161,23.931,,
25n10,540257.271,6307381.287,23.860,,
25n11,540257.917,6307381.433,23.878,,
25n12,540258.430,6307381.513,24.616,,
25n13,540259.399,6307381.578,24.961,,
25n14,540260.807,6307381.580,25.071,,
26n1,540300.396,6307368.844,25.190,,
26n2,540301.855,6307368.268,25.054,,
26n3,540302.469,6307367.952,24.696,,
26n4,540303.337,6307367.663,24.294,,
26n5,540303.744,6307367.551,24.051,,
26n6,540304.168,6307367.418,24.025,,
26n7,540304.839,6307367.247,23.891,,
26n8,540305.473,6307366.764,23.898,,
26n9,540306.061,6307366.305,23.853,,
26n10,540306.511,6307366.218,23.991,,
26n11,540306.933,6307365.907,24.467,,
26n12,540307.757,6307365.497,24.918,,
26n13,540308.899,6307364.983,25.100,,
27n1,540344.780,6307390.275,25.063,,
27n2,540344.927,6307392.204,24.939,,
27n3,540344.819,6307393.009,24.690,,
27n4,540344.725,6307393.224,24.619,,
27n5,540344.597,6307393.851,24.395,,
27n6,540344.553,6307394.347,24.201,,
27n7,540344.497,6307394.894,24.099,,
27n8,540344.304,6307395.338,24.049,,
27n9,540344.113,6307395.903,23.970,,
27n10,540344.097,6307396.410,23.963,,
27n11,540344.026,6307397.004,23.952,,
27n12,540343.909,6307397.511,23.954,,
27n13,540343.732,6307397.991,24.385,,
27n14,540343.616,6307398.725,24.722,,
27n15,540343.408,6307399.223,25.106,,
27n16,540343.293,6307400.558,25.182,,
28n1,540377.885,6307393.052,25.037,,
28n2,540379.097,6307393.300,24.764,,
28n3,540379.292,6307393.380,24.487,,
28n4,540379.772,6307393.264,24.194,,
28n5,540380.289,6307393.327,24.076,,
28n6,540380.853,6307393.396,23.972,,
28n7,540381.623,6307393.578,24.138,,
28n8,540382.035,6307393.721,23.992,,
28n9,540382.588,6307393.759,24.071,,
28n10,540383.104,6307393.765,24.180,,
28n11,540383.439,6307393.856,24.426,,
28n12,540384.145,6307393.825,24.666,,
28n13,540384.448,6307393.918,24.857,,
28n14,540385.438,6307393.983,25.222,,
28n15,540386.891,6307394.139,25.341,,
vsp28,540384.177,6307393.844,24.703,,
